139
159
143
156
148
154
142
155
144
158
138
159
141
159
141
158
142
158
139
162
144
162
139
161
141
160
139
161
141
162
140
162
143
161
142
159
146
161
142
164
142
165
144
162
141
164
143
166
142
167
142
170
144
170
142
167
146
165
142
166
143
169
142
169
142
170
139
172
138
173
140
173
140
173
142
171
143
171
142
171
143
173
140
171
142
173
138
177
139
178
140
178
143
178
139
178
144
177
137
181
142
184
140
179
146
177
141
179
140
181
139
183
141
183
141
182
144
183
139
183
142
179
144
180
139
180
144
182
140
182
142
182
140
185
142
184
141
184
142
187
140
185
144
184
143
187
142
187
145
186
139
188
145
187
138
189
141
190
140
189
143
189
142
192
143
195
141
194
142
193
141
195
142
194
141
192
142
194
140
192
146
190
139
191
143
193
140
194
144
193
140
193
142
193
140
192
140
195
141
195
142
195
143
197
142
199
142
199
141
197
139
198
142
200
139
203
146
201
142
200
143
200
140
197
143
197
142
197
143
197
142
199
144
200
142
202
140
205
141
205
144
202
141
201
141
203
139
206
140
204
139
203
139
204
139
203
139
206
139
205
143
205
140
207
144
205
143
203
145
204
142
210
141
209
141
206
140
208
140
207
142
205
143
204
141
206
140
208
146
205
141
206
141
209
140
209
140
211
140
212
142
211
140
211
142
212
141
209
143
208
141
208
143
210
141
213
143
211
141
210
142
209
143
209
141
211
141
214
136
215
139
214
141
213
138
216
141
217
142
214
142
213
140
217
143
218
141
218
144
218
138
216
144
214
138
214
144
214
141
217
142
217
142
216
144
218
138
220
144
218
139
219
143
218
141
215
143
216
141
217
140
217
143
218
138
219
141
219
141
218
141
217
140
218
141
215
143
215
137
218
139
220
137
221
141
220
139
221
140
221
139
220
141
218
142
217
141
220
138
224
142
222
140
223
139
224
142
221
141
221
138
225
143
224
141
222
144
223
140
220
142
222
139
223
140
222
139
222
139
221
141
221
142
222
141
223
142
223
139
225
143
226
139
225
142
222
139
223
140
225
139
225
141
224
140
225
139
227
141
226
143
225
142
225
142
225
142
224
143
223
141
225
139
227
142
226
144
226
139
226
142
226
138
227
141
230
136
229
141
225
137
226
140
226
136
227
141
229
138
228
141
229
136
229
141
226
138
223
139
223
138
223
139
224
138
226
139
226
141
226
140
228
140
230
143
230
141
226
141
226
140
226
141
226
142
227
143
225
141
226
137
227
141
229
139
229
140
228
140
230
139
231
141
231
139
227
141
227
140
230
142
231
137
230
142
229
142
230
143
231
141
231
142
233
138
232
141
230
137
231
139
230
139
227
140
227
142
230
142
229
140
228
139
228
136
230
142
230
140
228
139
228
139
229
138
229
138
229
138
229
139
231
140
229
140
228
138
229
137
230
140
232
139
230
141
228
141
229
140
231
139
228
140
227
139
227
141
228
137
231
142
230
139
232
143
231
141
231
143
232
139
230
140
231
138
233
139
232
139
231
144
232
137
232
144
232
139
232
141
233
140
232
142
233
139
233
143
233
137
233
142
232
142
231
135
229
139
232
135
233
139
231
137
230
138
231
140
232
138
234
140
235
139
232
142
231
140
231
143
230
137
234
140
236
138
236
143
232
138
232
141
234
138
231
143
229
139
227
144
228
136
231
141
231
140
229
143
230
139
232
141
232
137
228
138
230
140
231
140
232
141
233
141
235
140
233
142
233
139
232
143
231
138
232
141
229
139
229
140
232
139
234
140
233
140
231
141
234
138
233
139
231
140
229
140
230
138
233
141
233
139
232
142
233
139
232
141
231
138
231
139
233
138
235
137
237
140
232
136
230
139
229
141
229
139
232
139
235
137
233
141
232
137
233
143
233
137
232
142
233
139
232
145
230
137
232
139
231
138
229
140
231
139
229
140
227
138
225
140
226
138
229
141
231
138
231
140
232
139
233
139
235
139
232
139
229
139
227
142
228
138
230
144
230
139
231
142
231
137
229
140
230
135
231
142
230
139
232
141
232
138
231
142
229
137
229
142
229
136
231
140
230
138
226
142
226
135
228
140
229
139
227
139
227
138
226
140
226
138
226
141
225
138
227
140
229
139
231
140
230
141
225
140
226
139
227
144
227
141
227
142
226
140
227
143
226
140
225
145
226
139
228
143
226
143
224
143
224
137
224
142
224
138
225
141
227
139
227
141
224
140
225
141
226
141
225
145
225
139
224
143
225
140
224
142
222
141
222
140
224
143
222
143
222
140
225
144
227
139
222
145
220
139
220
141
221
138
223
140
222
138
221
139
222
137
223
139
222
139
220
141
222
138
223
142
223
140
221
145
220
137
222
141
220
140
218
144
218
141
218
143
220
139
223
139
220
140
219
143
220
139
222
142
223
140
219
144
217
138
217
145
215
140
216
140
216
141
215
143
216
141
215
142
217
140
218
142
219
140
218
141
217
143
216
142
216
142
216
144
216
139
217
144
218
140
212
142
210
140
212
142
212
139
214
142
214
139
213
141
215
140
214
142
213
138
214
143
214
138
213
143
210
140
211
141
214
139
211
140
210
139
213
141
214
141
211
143
211
139
210
144
207
140
206
143
206
139
209
141
210
139
210
144
208
142
206
143
207
140
207
143
205
137
207
141
209
137
206
144
205
136
208
139
209
138
207
0
0
128
0
128
0
128
0
128
0
128
0
128
0
128
0
128
0
128
0
128
0
149
5
113
83
114
198
146
207
135
159
139
152
139
149
142
150
138
153
140
152
144
149
145
146
143
148
144
150
141
149
143
148
142
147
143
147
141
146
142
148
140
151
142
149
142
151
143
149
145
149
139
155
139
153
145
153
139
154
141
155
141
159